<?xml version="1.0"?>
<opencv_storage>
<D1 type_id="opencv-matrix">
  <rows>1</rows>
  <cols>5</cols>
  <dt>d</dt>
  <data>
    6.2833195009565398e-02 -4.2017829561401943e+00 0. 0.
    3.3452647037937373e+00</data></D1>
</opencv_storage>
