<?xml version="1.0"?>
<opencv_storage>
<D2 type_id="opencv-matrix">
  <rows>1</rows>
  <cols>5</cols>
  <dt>d</dt>
  <data>
    -3.5197690440159363e-01 2.2952028442980897e+01 0. 0.
    -4.2844461622474603e+02</data></D2>
</opencv_storage>
