<?xml version="1.0"?>
<opencv_storage>
<M1 type_id="opencv-matrix">
  <rows>3</rows>
  <cols>3</cols>
  <dt>d</dt>
  <data>
    8.0541591898981414e+02 0. 1.2271617929846344e+02 0.
    8.0541591898981414e+02 1.2528512623040370e+02 0. 0. 1.</data></M1>
</opencv_storage>
