<?xml version="1.0"?>
<opencv_storage>
<M2 type_id="opencv-matrix">
  <rows>3</rows>
  <cols>3</cols>
  <dt>d</dt>
  <data>
    8.0541591898981414e+02 0. 1.1440254121725275e+02 0.
    8.0541591898981414e+02 1.3331045805735440e+02 0. 0. 1.</data></M2>
</opencv_storage>
