<?xml version="1.0"?>
<opencv_storage>
<P1 type_id="opencv-matrix">
  <rows>3</rows>
  <cols>4</cols>
  <dt>d</dt>
  <data>
    7.8793541501154380e+02 0. 3.4062088012695312e+01 0. 0.
    7.8793541501154380e+02 1.3607094097137451e+02 0. 0. 0. 1. 0.</data></P1>
</opencv_storage>
