<?xml version="1.0"?>
<opencv_storage>
<P2 type_id="opencv-matrix">
  <rows>3</rows>
  <cols>4</cols>
  <dt>d</dt>
  <data>
    7.8793541501154380e+02 0. 1.4468891620635986e+01
    -4.6647406233879283e+03 0. 7.8793541501154380e+02
    1.3607094097137451e+02 0. 0. 0. 1. 0.</data></P2>
</opencv_storage>
