<?xml version="1.0"?>
<opencv_storage>
<Q type_id="opencv-matrix">
  <rows>4</rows>
  <cols>4</cols>
  <dt>d</dt>
  <data>
    1. 0. 0. -3.4062088012695312e+01 0. 1. 0. -1.3607094097137451e+02 0.
    0. 0. 7.8793541501154380e+02 0. 0. 1.6891301759866739e-01
    -3.3095459269860630e+00</data></Q>
</opencv_storage>
