<?xml version="1.0"?>
<opencv_storage>
<R1 type_id="opencv-matrix">
  <rows>3</rows>
  <cols>3</cols>
  <dt>d</dt>
  <data>
    9.9389974333257392e-01 3.2048805811627688e-02 1.0552807327669921e-01
    -3.2017397271131190e-02 9.9948532635211429e-01
    -1.9921543087846189e-03 -1.0553760692486058e-01
    -1.3987325891772285e-03 9.9441432867377644e-01</data></R1>
</opencv_storage>
