<?xml version="1.0"?>
<opencv_storage>
<R2 type_id="opencv-matrix">
  <rows>3</rows>
  <cols>3</cols>
  <dt>d</dt>
  <data>
    9.9345760937493255e-01 3.3076129413844767e-02 1.0930666968690668e-01
    -3.3108663257884384e-02 9.9945060545447784e-01
    -1.5177858721297684e-03 -1.0929681968072058e-01
    -2.1111417944355265e-03 9.9400691561377164e-01</data></R2>
</opencv_storage>
